# A tibble: 30 x 15
   team  experience salary points3 points2 points1 points off_rebounds def_rebounds
   <chr>      <int>  <dbl>   <int>   <int>   <int>  <int>        <int>        <int>
 1 ATL          100   93.4     660    2337    1453   7447          832         2676
 2 BOS           63   91.9     985    2183    1536   7872          744         2698
 3 BRK           70   76.2     777    2040    1444   7078          689         2697
 4 CHI           59   92.5     565    2162    1330   6784          865         2419
 5 CHO           63   88.5     808    2089    1497   7291          621         2615
 6 CLE          145  127.     1030    2148    1384   7740          735         2673
 7 DAL           65   92.8     712    1754    1007   5939          521         2063
 8 DEN           83   79.0     868    2351    1477   7915          872         2660
 9 DET           55  103.      631    2638    1140   7678          908         2838
10 GSW          113  100.      982    2545    1455   8509          770         2869
11 HOU           70   87.4    1140    2011    1623   7925          857         2608
12 IND           95   92.6     709    2512    1467   7909          742         2702
13 LAC          124  115.      841    2401    1586   8070          738         2790
14 LAL           65   85.1     582    2069    1021   6323          789         2213
15 MEM           90  109.      757    2176    1489   7355          880         2582
16 MIA           63   72.9     799    2349    1217   7513          856         2648
17 MIL           83  105.      720    2462    1413   7777          723         2589
18 MIN           48   59.9     599    2607    1580   7992          932         2516
19 NOP           78   94.0     519    1956    1128   6078          580         2248
20 NYK           59   97.1     636    2445    1262   7424          962         2592
21 OKC           55   87.0     611    2380    1511   7493          936         2628
22 ORL           62  104.      618    2178    1232   6824          707         2452
23 PHI           39   56.3     718    1960    1225   6581          690         2354
24 PHO           73   73.3     569    2554    1615   7861          882         2464
25 POR           43  102.      847    2148    1386   7376          706         2428
26 SAC           77   88.3     562    1838     998   5798          525         1876
27 SAS           99  105.      753    2469    1440   7884          821         2777
28 TOR           57  108.      626    2359    1570   7540          847         2535
29 UTA           71   80.3     791    2242    1401   7467          771         2774
30 WAS           57  101.      718    2526    1368   7856          806         2564
   assists steals blocks turnovers fouls efficiency
     <int>  <int>  <int>     <int> <int>      <dbl>
 1    1846    645    381      1201  1432       147.
 2    2069    617    340      1037  1686       148.
 3    1664    568    382      1212  1620       167.
 4    1746    605    339       956  1275       139.
 5    1806    543    316       820  1177       142.
 6    1779    483    304      1020  1356       182.
 7    1183    507    257       674  1229       145.
 8    2015    543    286      1102  1475       172.
 9    1732    574    310       932  1467       136.
10    2486    782    554      1179  1581       175.
11    1969    617    331      1113  1473       165.
12    1844    669    409      1087  1597       149.
13    1848    612    347      1022  1626       147.
14    1334    510    267       972  1444       131.
15    1725    629    335       993  1798       148.
16    1728    579    464      1019  1647       152.
17    1984    666    436      1096  1660       161.
18    1924    641    368      1085  1620       141.
19    1531    502    380       828  1168       175.
20    1499    526    451       975  1584       144.
21    1610    595    395      1133  1561       147.
22    1760    546    305       987  1445       133.
23    1816    613    375      1197  1573       173.
24    1531    588    385      1171  1887       149.
25    1508    522    342       978  1581       142.
26    1402    506    232       850  1303       156.
27    1954    655    484      1057  1498       150.
28    1469    620    379       932  1609       159.
29    1651    550    410      1060  1545       146.
30    1893    655    325      1062  1643       148.
